7,10
#,0,0,0,1.0,0,0,0,1.0,empty
,0,0,255,1.0,0,0,0,1.0,◄
#,0,0,0,1.0,0,0,0,1.0,empty
#,0,0,0,1.0,0,0,0,1.0,empty
#,0,0,0,1.0,0,0,0,1.0,empty
#,0,0,0,1.0,0,0,0,1.0,empty
#,0,0,0,1.0,0,0,0,1.0,empty
#,0,0,0,1.0,0,0,0,1.0,empty
#,0,0,0,1.0,0,0,0,1.0,empty
#,0,0,0,1.0,0,0,0,1.0,empty
#,0,0,0,1.0,0,0,0,1.0,empty
°,255,255,255,1.0,0,0,0,1.0,░
»,255,255,0,1.0,0,0,0,1.0,╗
#,0,0,0,1.0,0,0,0,1.0,empty
#,0,0,0,1.0,0,0,0,1.0,empty
#,0,0,0,1.0,0,0,0,1.0,empty
#,0,0,0,1.0,0,0,0,1.0,empty
#,0,0,0,1.0,0,0,0,1.0,empty
#,0,0,0,1.0,0,0,0,1.0,empty
#,0,0,0,1.0,0,0,0,1.0,empty
Ê,255,255,0,1.0,0,0,0,1.0,╩
²,255,255,255,1.0,0,0,0,1.0,▓
±,255,255,255,1.0,0,0,0,1.0,▒
°,255,255,255,1.0,0,0,0,1.0,░
±,255,255,255,1.0,0,0,0,1.0,▒
¹,255,255,255,1.0,0,0,0,1.0,╣
°,255,255,255,1.0,0,0,0,1.0,░
È,255,0,0,1.0,0,0,0,1.0,╚
#,0,0,0,1.0,0,0,0,1.0,empty
#,0,0,0,1.0,0,0,0,1.0,empty
Ê,255,255,0,1.0,0,0,0,1.0,╩
²,255,255,255,1.0,0,0,0,1.0,▓
±,255,255,255,1.0,0,0,0,1.0,▒
±,255,255,255,1.0,0,0,0,1.0,▒
°,255,255,255,1.0,0,0,0,1.0,░
Ì,255,255,255,1.0,0,0,0,1.0,╠
°,255,255,255,1.0,0,0,0,1.0,░
¼,255,0,0,1.0,0,0,0,1.0,╝
#,0,0,0,1.0,0,0,0,1.0,empty
#,0,0,0,1.0,0,0,0,1.0,empty
#,0,0,0,1.0,0,0,0,1.0,empty
°,255,255,255,1.0,0,0,0,1.0,░
É,255,255,0,1.0,0,0,0,1.0,╔
#,0,0,0,1.0,0,0,0,1.0,empty
#,0,0,0,1.0,0,0,0,1.0,empty
#,0,0,0,1.0,0,0,0,1.0,empty
#,0,0,0,1.0,0,0,0,1.0,empty
#,0,0,0,1.0,0,0,0,1.0,empty
#,0,0,0,1.0,0,0,0,1.0,empty
#,0,0,0,1.0,0,0,0,1.0,empty
#,0,0,0,1.0,0,0,0,1.0,empty
,0,0,255,1.0,0,0,0,1.0,►
#,0,0,0,1.0,0,0,0,1.0,empty
#,0,0,0,1.0,0,0,0,1.0,empty
#,0,0,0,1.0,0,0,0,1.0,empty
#,0,0,0,1.0,0,0,0,1.0,empty
#,0,0,0,1.0,0,0,0,1.0,empty
#,0,0,0,1.0,0,0,0,1.0,empty
#,0,0,0,1.0,0,0,0,1.0,empty
#,0,0,0,1.0,0,0,0,1.0,empty
#,0,0,0,1.0,0,0,0,1.0,empty
#,0,0,0,1.0,0,0,0,1.0,empty
#,0,0,0,1.0,0,0,0,1.0,empty
#,0,0,0,1.0,0,0,0,1.0,empty
#,0,0,0,1.0,0,0,0,1.0,empty
#,0,0,0,1.0,0,0,0,1.0,empty
#,0,0,0,1.0,0,0,0,1.0,empty
#,0,0,0,1.0,0,0,0,1.0,empty
#,0,0,0,1.0,0,0,0,1.0,empty
#,0,0,0,1.0,0,0,0,1.0,empty
